{
 "cells": [
  {
   "cell_type": "code",
   "execution_count": 70,
   "metadata": {
    "collapsed": false
   },
   "outputs": [],
   "source": [
    "import json\n",
    "import pandas as pd\n",
    "import pickle\n",
    "input_file = open('pivot_dict_byDecade.dat','rb')\n",
    "pivot_dict = pickle.load(input_file)\n",
    "input_file.close()"
   ]
  },
  {
   "cell_type": "code",
   "execution_count": 71,
   "metadata": {
    "collapsed": false
   },
   "outputs": [
    {
     "data": {
      "text/html": [
       "<div>\n",
       "<table border=\"1\" class=\"dataframe\">\n",
       "  <thead>\n",
       "    <tr style=\"text-align: right;\">\n",
       "      <th></th>\n",
       "      <th>Alternative</th>\n",
       "      <th>Blues</th>\n",
       "      <th>Country</th>\n",
       "      <th>Dance</th>\n",
       "      <th>Disco</th>\n",
       "      <th>Electronic</th>\n",
       "      <th>Folk</th>\n",
       "      <th>Indie</th>\n",
       "      <th>Jazz</th>\n",
       "      <th>Latin</th>\n",
       "      <th>Metal</th>\n",
       "      <th>Pop</th>\n",
       "      <th>Rap</th>\n",
       "      <th>Reggae</th>\n",
       "      <th>Rock</th>\n",
       "    </tr>\n",
       "  </thead>\n",
       "  <tbody>\n",
       "    <tr>\n",
       "      <th>0</th>\n",
       "      <td>11821</td>\n",
       "      <td>800</td>\n",
       "      <td>547</td>\n",
       "      <td>1955</td>\n",
       "      <td>452</td>\n",
       "      <td>2337</td>\n",
       "      <td>1463</td>\n",
       "      <td>5178</td>\n",
       "      <td>1291</td>\n",
       "      <td>255</td>\n",
       "      <td>2220</td>\n",
       "      <td>6092</td>\n",
       "      <td>1014</td>\n",
       "      <td>268</td>\n",
       "      <td>9967</td>\n",
       "    </tr>\n",
       "    <tr>\n",
       "      <th>1</th>\n",
       "      <td>800</td>\n",
       "      <td>6194</td>\n",
       "      <td>472</td>\n",
       "      <td>615</td>\n",
       "      <td>175</td>\n",
       "      <td>251</td>\n",
       "      <td>566</td>\n",
       "      <td>491</td>\n",
       "      <td>1472</td>\n",
       "      <td>62</td>\n",
       "      <td>299</td>\n",
       "      <td>1640</td>\n",
       "      <td>375</td>\n",
       "      <td>67</td>\n",
       "      <td>2737</td>\n",
       "    </tr>\n",
       "    <tr>\n",
       "      <th>2</th>\n",
       "      <td>547</td>\n",
       "      <td>472</td>\n",
       "      <td>4315</td>\n",
       "      <td>354</td>\n",
       "      <td>62</td>\n",
       "      <td>97</td>\n",
       "      <td>838</td>\n",
       "      <td>449</td>\n",
       "      <td>196</td>\n",
       "      <td>41</td>\n",
       "      <td>87</td>\n",
       "      <td>996</td>\n",
       "      <td>82</td>\n",
       "      <td>24</td>\n",
       "      <td>1595</td>\n",
       "    </tr>\n",
       "    <tr>\n",
       "      <th>3</th>\n",
       "      <td>1955</td>\n",
       "      <td>615</td>\n",
       "      <td>354</td>\n",
       "      <td>8229</td>\n",
       "      <td>1140</td>\n",
       "      <td>3430</td>\n",
       "      <td>463</td>\n",
       "      <td>1039</td>\n",
       "      <td>1595</td>\n",
       "      <td>397</td>\n",
       "      <td>581</td>\n",
       "      <td>4152</td>\n",
       "      <td>848</td>\n",
       "      <td>601</td>\n",
       "      <td>3463</td>\n",
       "    </tr>\n",
       "    <tr>\n",
       "      <th>4</th>\n",
       "      <td>452</td>\n",
       "      <td>175</td>\n",
       "      <td>62</td>\n",
       "      <td>1140</td>\n",
       "      <td>2030</td>\n",
       "      <td>762</td>\n",
       "      <td>126</td>\n",
       "      <td>285</td>\n",
       "      <td>486</td>\n",
       "      <td>85</td>\n",
       "      <td>155</td>\n",
       "      <td>1221</td>\n",
       "      <td>189</td>\n",
       "      <td>45</td>\n",
       "      <td>916</td>\n",
       "    </tr>\n",
       "    <tr>\n",
       "      <th>5</th>\n",
       "      <td>2337</td>\n",
       "      <td>251</td>\n",
       "      <td>97</td>\n",
       "      <td>3430</td>\n",
       "      <td>762</td>\n",
       "      <td>8741</td>\n",
       "      <td>426</td>\n",
       "      <td>1290</td>\n",
       "      <td>2116</td>\n",
       "      <td>175</td>\n",
       "      <td>764</td>\n",
       "      <td>3144</td>\n",
       "      <td>560</td>\n",
       "      <td>178</td>\n",
       "      <td>3229</td>\n",
       "    </tr>\n",
       "    <tr>\n",
       "      <th>6</th>\n",
       "      <td>1463</td>\n",
       "      <td>566</td>\n",
       "      <td>838</td>\n",
       "      <td>463</td>\n",
       "      <td>126</td>\n",
       "      <td>426</td>\n",
       "      <td>4927</td>\n",
       "      <td>1172</td>\n",
       "      <td>565</td>\n",
       "      <td>194</td>\n",
       "      <td>601</td>\n",
       "      <td>1796</td>\n",
       "      <td>177</td>\n",
       "      <td>70</td>\n",
       "      <td>2729</td>\n",
       "    </tr>\n",
       "    <tr>\n",
       "      <th>7</th>\n",
       "      <td>5178</td>\n",
       "      <td>491</td>\n",
       "      <td>449</td>\n",
       "      <td>1039</td>\n",
       "      <td>285</td>\n",
       "      <td>1290</td>\n",
       "      <td>1172</td>\n",
       "      <td>7884</td>\n",
       "      <td>706</td>\n",
       "      <td>102</td>\n",
       "      <td>735</td>\n",
       "      <td>4611</td>\n",
       "      <td>528</td>\n",
       "      <td>138</td>\n",
       "      <td>6347</td>\n",
       "    </tr>\n",
       "    <tr>\n",
       "      <th>8</th>\n",
       "      <td>1291</td>\n",
       "      <td>1472</td>\n",
       "      <td>196</td>\n",
       "      <td>1595</td>\n",
       "      <td>486</td>\n",
       "      <td>2116</td>\n",
       "      <td>565</td>\n",
       "      <td>706</td>\n",
       "      <td>10519</td>\n",
       "      <td>443</td>\n",
       "      <td>471</td>\n",
       "      <td>2244</td>\n",
       "      <td>783</td>\n",
       "      <td>166</td>\n",
       "      <td>2494</td>\n",
       "    </tr>\n",
       "    <tr>\n",
       "      <th>9</th>\n",
       "      <td>255</td>\n",
       "      <td>62</td>\n",
       "      <td>41</td>\n",
       "      <td>397</td>\n",
       "      <td>85</td>\n",
       "      <td>175</td>\n",
       "      <td>194</td>\n",
       "      <td>102</td>\n",
       "      <td>443</td>\n",
       "      <td>2038</td>\n",
       "      <td>108</td>\n",
       "      <td>827</td>\n",
       "      <td>120</td>\n",
       "      <td>105</td>\n",
       "      <td>829</td>\n",
       "    </tr>\n",
       "    <tr>\n",
       "      <th>10</th>\n",
       "      <td>2220</td>\n",
       "      <td>299</td>\n",
       "      <td>87</td>\n",
       "      <td>581</td>\n",
       "      <td>155</td>\n",
       "      <td>764</td>\n",
       "      <td>601</td>\n",
       "      <td>735</td>\n",
       "      <td>471</td>\n",
       "      <td>108</td>\n",
       "      <td>9941</td>\n",
       "      <td>1304</td>\n",
       "      <td>602</td>\n",
       "      <td>92</td>\n",
       "      <td>5451</td>\n",
       "    </tr>\n",
       "    <tr>\n",
       "      <th>11</th>\n",
       "      <td>6092</td>\n",
       "      <td>1640</td>\n",
       "      <td>996</td>\n",
       "      <td>4152</td>\n",
       "      <td>1221</td>\n",
       "      <td>3144</td>\n",
       "      <td>1796</td>\n",
       "      <td>4611</td>\n",
       "      <td>2244</td>\n",
       "      <td>827</td>\n",
       "      <td>1304</td>\n",
       "      <td>18551</td>\n",
       "      <td>1220</td>\n",
       "      <td>411</td>\n",
       "      <td>11167</td>\n",
       "    </tr>\n",
       "    <tr>\n",
       "      <th>12</th>\n",
       "      <td>1014</td>\n",
       "      <td>375</td>\n",
       "      <td>82</td>\n",
       "      <td>848</td>\n",
       "      <td>189</td>\n",
       "      <td>560</td>\n",
       "      <td>177</td>\n",
       "      <td>528</td>\n",
       "      <td>783</td>\n",
       "      <td>120</td>\n",
       "      <td>602</td>\n",
       "      <td>1220</td>\n",
       "      <td>4283</td>\n",
       "      <td>214</td>\n",
       "      <td>1502</td>\n",
       "    </tr>\n",
       "    <tr>\n",
       "      <th>13</th>\n",
       "      <td>268</td>\n",
       "      <td>67</td>\n",
       "      <td>24</td>\n",
       "      <td>601</td>\n",
       "      <td>45</td>\n",
       "      <td>178</td>\n",
       "      <td>70</td>\n",
       "      <td>138</td>\n",
       "      <td>166</td>\n",
       "      <td>105</td>\n",
       "      <td>92</td>\n",
       "      <td>411</td>\n",
       "      <td>214</td>\n",
       "      <td>2196</td>\n",
       "      <td>888</td>\n",
       "    </tr>\n",
       "    <tr>\n",
       "      <th>14</th>\n",
       "      <td>9967</td>\n",
       "      <td>2737</td>\n",
       "      <td>1595</td>\n",
       "      <td>3463</td>\n",
       "      <td>916</td>\n",
       "      <td>3229</td>\n",
       "      <td>2729</td>\n",
       "      <td>6347</td>\n",
       "      <td>2494</td>\n",
       "      <td>829</td>\n",
       "      <td>5451</td>\n",
       "      <td>11167</td>\n",
       "      <td>1502</td>\n",
       "      <td>888</td>\n",
       "      <td>31295</td>\n",
       "    </tr>\n",
       "  </tbody>\n",
       "</table>\n",
       "</div>"
      ],
      "text/plain": [
       "    Alternative  Blues  Country  Dance  Disco  Electronic  Folk  Indie   Jazz  \\\n",
       "0         11821    800      547   1955    452        2337  1463   5178   1291   \n",
       "1           800   6194      472    615    175         251   566    491   1472   \n",
       "2           547    472     4315    354     62          97   838    449    196   \n",
       "3          1955    615      354   8229   1140        3430   463   1039   1595   \n",
       "4           452    175       62   1140   2030         762   126    285    486   \n",
       "5          2337    251       97   3430    762        8741   426   1290   2116   \n",
       "6          1463    566      838    463    126         426  4927   1172    565   \n",
       "7          5178    491      449   1039    285        1290  1172   7884    706   \n",
       "8          1291   1472      196   1595    486        2116   565    706  10519   \n",
       "9           255     62       41    397     85         175   194    102    443   \n",
       "10         2220    299       87    581    155         764   601    735    471   \n",
       "11         6092   1640      996   4152   1221        3144  1796   4611   2244   \n",
       "12         1014    375       82    848    189         560   177    528    783   \n",
       "13          268     67       24    601     45         178    70    138    166   \n",
       "14         9967   2737     1595   3463    916        3229  2729   6347   2494   \n",
       "\n",
       "    Latin  Metal    Pop   Rap  Reggae   Rock  \n",
       "0     255   2220   6092  1014     268   9967  \n",
       "1      62    299   1640   375      67   2737  \n",
       "2      41     87    996    82      24   1595  \n",
       "3     397    581   4152   848     601   3463  \n",
       "4      85    155   1221   189      45    916  \n",
       "5     175    764   3144   560     178   3229  \n",
       "6     194    601   1796   177      70   2729  \n",
       "7     102    735   4611   528     138   6347  \n",
       "8     443    471   2244   783     166   2494  \n",
       "9    2038    108    827   120     105    829  \n",
       "10    108   9941   1304   602      92   5451  \n",
       "11    827   1304  18551  1220     411  11167  \n",
       "12    120    602   1220  4283     214   1502  \n",
       "13    105     92    411   214    2196    888  \n",
       "14    829   5451  11167  1502     888  31295  "
      ]
     },
     "execution_count": 71,
     "metadata": {},
     "output_type": "execute_result"
    }
   ],
   "source": [
    "year = '1990s'\n",
    "df = pivot_dict[year]\n",
    "df = df.drop(['Genre'], 1)\n",
    "df"
   ]
  },
  {
   "cell_type": "code",
   "execution_count": 72,
   "metadata": {
    "collapsed": false
   },
   "outputs": [
    {
     "data": {
      "text/html": [
       "<div>\n",
       "<table border=\"1\" class=\"dataframe\">\n",
       "  <thead>\n",
       "    <tr style=\"text-align: right;\">\n",
       "      <th></th>\n",
       "      <th>color</th>\n",
       "      <th>name</th>\n",
       "    </tr>\n",
       "  </thead>\n",
       "  <tbody>\n",
       "    <tr>\n",
       "      <th>0</th>\n",
       "      <td>#9ACD32</td>\n",
       "      <td>Alternative</td>\n",
       "    </tr>\n",
       "    <tr>\n",
       "      <th>1</th>\n",
       "      <td>#377DB8</td>\n",
       "      <td>Blues</td>\n",
       "    </tr>\n",
       "    <tr>\n",
       "      <th>2</th>\n",
       "      <td>#F5DEB3</td>\n",
       "      <td>Country</td>\n",
       "    </tr>\n",
       "    <tr>\n",
       "      <th>3</th>\n",
       "      <td>#EE82EE</td>\n",
       "      <td>Dance</td>\n",
       "    </tr>\n",
       "    <tr>\n",
       "      <th>4</th>\n",
       "      <td>#40E0D0</td>\n",
       "      <td>Disco</td>\n",
       "    </tr>\n",
       "    <tr>\n",
       "      <th>5</th>\n",
       "      <td>#FF6347</td>\n",
       "      <td>Electronic</td>\n",
       "    </tr>\n",
       "    <tr>\n",
       "      <th>6</th>\n",
       "      <td>#D8BFD8</td>\n",
       "      <td>Folk</td>\n",
       "    </tr>\n",
       "    <tr>\n",
       "      <th>7</th>\n",
       "      <td>#D2B48C</td>\n",
       "      <td>Indie</td>\n",
       "    </tr>\n",
       "    <tr>\n",
       "      <th>8</th>\n",
       "      <td>#4682B4</td>\n",
       "      <td>Jazz</td>\n",
       "    </tr>\n",
       "    <tr>\n",
       "      <th>9</th>\n",
       "      <td>#00FF7F</td>\n",
       "      <td>Latin</td>\n",
       "    </tr>\n",
       "    <tr>\n",
       "      <th>10</th>\n",
       "      <td>#FFFAFA</td>\n",
       "      <td>Metal</td>\n",
       "    </tr>\n",
       "    <tr>\n",
       "      <th>11</th>\n",
       "      <td>#708090</td>\n",
       "      <td>Pop</td>\n",
       "    </tr>\n",
       "    <tr>\n",
       "      <th>12</th>\n",
       "      <td>#708090</td>\n",
       "      <td>Rap</td>\n",
       "    </tr>\n",
       "    <tr>\n",
       "      <th>13</th>\n",
       "      <td>#6A5ACD</td>\n",
       "      <td>Reggae</td>\n",
       "    </tr>\n",
       "    <tr>\n",
       "      <th>14</th>\n",
       "      <td>#87CEEB</td>\n",
       "      <td>Rock</td>\n",
       "    </tr>\n",
       "  </tbody>\n",
       "</table>\n",
       "</div>"
      ],
      "text/plain": [
       "      color         name\n",
       "0   #9ACD32  Alternative\n",
       "1   #377DB8        Blues\n",
       "2   #F5DEB3      Country\n",
       "3   #EE82EE        Dance\n",
       "4   #40E0D0        Disco\n",
       "5   #FF6347   Electronic\n",
       "6   #D8BFD8         Folk\n",
       "7   #D2B48C        Indie\n",
       "8   #4682B4         Jazz\n",
       "9   #00FF7F        Latin\n",
       "10  #FFFAFA        Metal\n",
       "11  #708090          Pop\n",
       "12  #708090          Rap\n",
       "13  #6A5ACD       Reggae\n",
       "14  #87CEEB         Rock"
      ]
     },
     "execution_count": 72,
     "metadata": {},
     "output_type": "execute_result"
    }
   ],
   "source": [
    "data = {\n",
    "    'name' : list(df.columns),\n",
    "    'color' : [\"#9ACD32\", \"#377DB8\", \"#F5DEB3\", \"#EE82EE\", \"#40E0D0\", \"#FF6347\",\n",
    "                \"#D8BFD8\", \"#D2B48C\", \"#4682B4\", \"#00FF7F\", \"#FFFAFA\", \"#708090\",\n",
    "                \"#708090\", \"#6A5ACD\", \"#87CEEB\"]\n",
    "}\n",
    "genre_color_df = pd.DataFrame(data)\n",
    "genre_color_df"
   ]
  },
  {
   "cell_type": "code",
   "execution_count": 73,
   "metadata": {
    "collapsed": false
   },
   "outputs": [
    {
     "data": {
      "text/plain": [
       "'[[11821, 800, 547, 1955, 452, 2337, 1463, 5178, 1291, 255, 2220, 6092, 1014, 268, 9967], [800, 6194, 472, 615, 175, 251, 566, 491, 1472, 62, 299, 1640, 375, 67, 2737], [547, 472, 4315, 354, 62, 97, 838, 449, 196, 41, 87, 996, 82, 24, 1595], [1955, 615, 354, 8229, 1140, 3430, 463, 1039, 1595, 397, 581, 4152, 848, 601, 3463], [452, 175, 62, 1140, 2030, 762, 126, 285, 486, 85, 155, 1221, 189, 45, 916], [2337, 251, 97, 3430, 762, 8741, 426, 1290, 2116, 175, 764, 3144, 560, 178, 3229], [1463, 566, 838, 463, 126, 426, 4927, 1172, 565, 194, 601, 1796, 177, 70, 2729], [5178, 491, 449, 1039, 285, 1290, 1172, 7884, 706, 102, 735, 4611, 528, 138, 6347], [1291, 1472, 196, 1595, 486, 2116, 565, 706, 10519, 443, 471, 2244, 783, 166, 2494], [255, 62, 41, 397, 85, 175, 194, 102, 443, 2038, 108, 827, 120, 105, 829], [2220, 299, 87, 581, 155, 764, 601, 735, 471, 108, 9941, 1304, 602, 92, 5451], [6092, 1640, 996, 4152, 1221, 3144, 1796, 4611, 2244, 827, 1304, 18551, 1220, 411, 11167], [1014, 375, 82, 848, 189, 560, 177, 528, 783, 120, 602, 1220, 4283, 214, 1502], [268, 67, 24, 601, 45, 178, 70, 138, 166, 105, 92, 411, 214, 2196, 888], [9967, 2737, 1595, 3463, 916, 3229, 2729, 6347, 2494, 829, 5451, 11167, 1502, 888, 31295]]'"
      ]
     },
     "execution_count": 73,
     "metadata": {},
     "output_type": "execute_result"
    }
   ],
   "source": [
    "matrix = []\n",
    "matrix_np = df.as_matrix()\n",
    "for vector in matrix_np:\n",
    "    matrix.append(list(vector))\n",
    "json.dumps(matrix)"
   ]
  },
  {
   "cell_type": "code",
   "execution_count": 59,
   "metadata": {
    "collapsed": false
   },
   "outputs": [],
   "source": [
    "matrixFilePath = 'visualizations/data/matrix' + str(year) + '.json'\n",
    "genresFilePath = 'visualizations/data/genres' + str(year) + '.csv'\n",
    "with open(matrixFilePath, 'w') as f:\n",
    "    json.dump(matrix, f)\n",
    "genre_color_df.to_csv(genresFilePath, index=False)"
   ]
  },
  {
   "cell_type": "code",
   "execution_count": null,
   "metadata": {
    "collapsed": true
   },
   "outputs": [],
   "source": []
  }
 ],
 "metadata": {
  "anaconda-cloud": {},
  "kernelspec": {
   "display_name": "Python [Root]",
   "language": "python",
   "name": "Python [Root]"
  },
  "language_info": {
   "codemirror_mode": {
    "name": "ipython",
    "version": 2
   },
   "file_extension": ".py",
   "mimetype": "text/x-python",
   "name": "python",
   "nbconvert_exporter": "python",
   "pygments_lexer": "ipython2",
   "version": "2.7.12"
  }
 },
 "nbformat": 4,
 "nbformat_minor": 0
}
