[[1563, 305, 80, 383, 167, 164, 281, 541, 219, 16, 350, 1190, 80, 168, 1486], [305, 3027, 266, 640, 466, 85, 461, 139, 1017, 53, 362, 1334, 99, 72, 2170], [80, 266, 1218, 151, 31, 29, 470, 82, 93, 20, 51, 520, 40, 30, 748], [383, 640, 151, 2222, 1013, 234, 206, 231, 836, 65, 257, 1590, 112, 180, 1504], [167, 466, 31, 1013, 1811, 168, 73, 103, 808, 44, 132, 1188, 56, 47, 929], [164, 85, 29, 234, 168, 706, 65, 99, 178, 6, 98, 448, 33, 29, 529], [281, 461, 470, 206, 73, 65, 1865, 187, 241, 56, 87, 917, 88, 42, 1413], [541, 139, 82, 231, 103, 99, 187, 859, 119, 6, 127, 666, 65, 115, 807], [219, 1017, 93, 836, 808, 178, 241, 119, 3533, 151, 183, 1205, 118, 117, 1559], [16, 53, 20, 65, 44, 6, 56, 6, 151, 354, 6, 125, 16, 7, 149], [350, 362, 51, 257, 132, 98, 87, 127, 183, 6, 1503, 763, 33, 44, 1451], [1190, 1334, 520, 1590, 1188, 448, 917, 666, 1205, 125, 763, 6137, 193, 288, 4734], [80, 99, 40, 112, 56, 33, 88, 65, 118, 16, 33, 193, 342, 26, 253], [168, 72, 30, 180, 47, 29, 42, 115, 117, 7, 44, 288, 26, 851, 448], [1486, 2170, 748, 1504, 929, 529, 1413, 807, 1559, 149, 1451, 4734, 253, 448, 10993]]