[[33868, 1706, 1608, 7379, 2243, 7987, 5404, 19373, 2854, 603, 5008, 19026, 2463, 537, 27985], [1706, 8852, 828, 1513, 366, 636, 1316, 1477, 2340, 166, 343, 3270, 684, 214, 4569], [1608, 828, 8174, 817, 179, 295, 2680, 2110, 382, 60, 170, 2533, 245, 41, 3826], [7379, 1513, 817, 25961, 3809, 12926, 1549, 7110, 3020, 1139, 1472, 14393, 2411, 1541, 11422], [2243, 366, 179, 3809, 6635, 3575, 620, 2545, 826, 198, 477, 4160, 504, 135, 3269], [7987, 636, 295, 12926, 3575, 32476, 1631, 8309, 4586, 748, 1842, 12920, 1893, 520, 10787], [5404, 1316, 2680, 1549, 620, 1631, 16319, 7152, 1387, 417, 1605, 6398, 527, 243, 8699], [19373, 1477, 2110, 7110, 2545, 8309, 7152, 35287, 2192, 389, 2002, 20423, 1871, 398, 25518], [2854, 2340, 382, 3020, 826, 4586, 1387, 2192, 19180, 1017, 959, 4947, 1187, 432, 4695], [603, 166, 60, 1139, 198, 748, 417, 389, 1017, 4530, 207, 2023, 340, 365, 1590], [5008, 343, 170, 1472, 477, 1842, 1605, 2002, 959, 207, 26460, 2927, 1225, 140, 12550], [19026, 3270, 2533, 14393, 4160, 12920, 6398, 20423, 4947, 2023, 2927, 52440, 3238, 911, 30430], [2463, 684, 245, 2411, 504, 1893, 527, 1871, 1187, 340, 1225, 3238, 10538, 531, 3691], [537, 214, 41, 1541, 135, 520, 243, 398, 432, 365, 140, 911, 531, 4816, 1294], [27985, 4569, 3826, 11422, 3269, 10787, 8699, 25518, 4695, 1590, 12550, 30430, 3691, 1294, 75719]]