[[39, 32, 12, 12, 0, 1, 14, 4, 17, 0, 5, 18, 3, 0, 31], [32, 785, 102, 192, 1, 5, 49, 9, 312, 18, 21, 392, 13, 3, 495], [12, 102, 320, 57, 0, 0, 76, 7, 33, 16, 9, 154, 15, 0, 206], [12, 192, 57, 350, 1, 8, 10, 3, 99, 38, 2, 283, 12, 3, 282], [0, 1, 0, 1, 5, 1, 0, 0, 3, 1, 2, 4, 0, 0, 2], [1, 5, 0, 8, 1, 13, 1, 1, 4, 2, 1, 11, 4, 0, 5], [14, 49, 76, 10, 0, 1, 147, 3, 21, 3, 8, 38, 7, 2, 74], [4, 9, 7, 3, 0, 1, 3, 21, 7, 0, 0, 14, 0, 0, 10], [17, 312, 33, 99, 3, 4, 21, 7, 875, 48, 30, 255, 22, 4, 210], [0, 18, 16, 38, 1, 2, 3, 0, 48, 78, 2, 47, 6, 0, 36], [5, 21, 9, 2, 2, 1, 8, 0, 30, 2, 39, 15, 4, 0, 29], [18, 392, 154, 283, 4, 11, 38, 14, 255, 47, 15, 819, 20, 5, 569], [3, 13, 15, 12, 0, 4, 7, 0, 22, 6, 4, 20, 44, 0, 24], [0, 3, 0, 3, 0, 0, 2, 0, 4, 0, 0, 5, 0, 7, 3], [31, 495, 206, 282, 2, 5, 74, 10, 210, 36, 29, 569, 24, 3, 896]]
