[[4166, 273, 148, 1330, 414, 1020, 402, 1483, 328, 72, 653, 2851, 225, 146, 3631], [273, 2420, 227, 534, 212, 101, 265, 131, 831, 51, 181, 1071, 102, 43, 1486], [148, 227, 1473, 176, 25, 26, 322, 84, 96, 15, 35, 489, 40, 16, 671], [1330, 534, 176, 4394, 1427, 1347, 204, 619, 841, 152, 388, 3339, 347, 293, 2848], [414, 212, 25, 1427, 2058, 745, 58, 176, 517, 65, 143, 1601, 143, 55, 1145], [1020, 101, 26, 1347, 745, 2634, 86, 395, 386, 42, 255, 1966, 181, 53, 1681], [402, 265, 322, 204, 58, 86, 1522, 234, 219, 34, 88, 733, 31, 23, 955], [1483, 131, 84, 619, 176, 395, 234, 2259, 150, 29, 187, 1619, 125, 67, 1883], [328, 831, 96, 841, 517, 386, 219, 150, 3878, 172, 190, 1431, 152, 118, 1336], [72, 51, 15, 152, 65, 42, 34, 29, 172, 542, 21, 282, 19, 49, 267], [653, 181, 35, 388, 143, 255, 88, 187, 190, 21, 3502, 885, 114, 48, 2553], [2851, 1071, 489, 3339, 1601, 1966, 733, 1619, 1431, 282, 885, 11099, 468, 282, 7369], [225, 102, 40, 347, 143, 181, 31, 125, 152, 19, 114, 468, 937, 34, 509], [146, 43, 16, 293, 55, 53, 23, 67, 118, 49, 48, 282, 34, 1050, 468], [3631, 1486, 671, 2848, 1145, 1681, 955, 1883, 1336, 267, 2553, 7369, 509, 468, 15524]]